                        [38;2;59;90;99m%[38;2;101;215;212m:[38;2;91;184;184m;        [0m
            [38;2;66;109;116m?[38;2;83;161;164m+[38;2;95;197;196m;[38;2;98;206;204m;[38;2;97;200;199m;[38;2;94;191;190m;[38;2;91;182;183m;[38;2;89;175;176m+[38;2;86;164;167m+[38;2;80;146;150m*[38;2;69;113;120m?  [38;2;64;100;108m?[38;2;60;87;96m%  [38;2;75;135;140m*     [0m
          [38;2;81;150;154m*[38;2;103;217;214m:[38;2;115;250;244m,[38;2;102;210;208m:[38;2;79;145;149m*[38;2;63;100;108m%      [38;2;49;93;100m%            [0m
        [38;2;67;116;123m?[38;2;101;223;219m:[38;2;107;247;241m,[38;2;100;233;228m:[38;2;57;111;117m?[38;2;28;31;44m#[38;2;29;29;42m#   [38;2;74;82;94m%[38;2;90;98;109m?[38;2;107;113;124m?[38;2;122;126;138m*[38;2;137;139;151m+[38;2;155;163;174m+[38;2;167;176;187m;[38;2;178;188;199m:[38;2;183;193;204m:[38;2;178;187;199m:[38;2;185;194;205m:[38;2;188;191;203m:[38;2;193;200;211m:[38;2;193;202;211m:[38;2;165;174;183m;  [0m
       [38;2;71;139;143m*[38;2;99;203;201m;[38;2;105;192;193m;[38;2;113;183;185m;[38;2;125;180;185m;[38;2;128;136;147m*[38;2;159;167;177m;[38;2;179;190;200m:[38;2;193;204;213m:[38;2;202;212;222m,[38;2;206;215;225m,[38;2;205;214;224m,[38;2;199;208;218m:[38;2;190;199;210m:[38;2;179;188;199m:[38;2;166;177;187m;[38;2;153;162;173m+[38;2;142;151;162m+[38;2;121;130;142m*[38;2;169;178;189m;[38;2;255;255;255m.[38;2;248;255;255m.[38;2;234;244;254m.[38;2;206;215;224m,[38;2;164;173;181m;[38;2;107;116;127m?  [0m
    [38;2;105;114;124m?[38;2;135;143;153m+[38;2;167;184;193m;[38;2;194;215;223m,[38;2;207;212;223m,[38;2;222;223;235m,[38;2;232;233;245m.[38;2;244;245;253m.[38;2;224;233;242m,[38;2;156;165;176m;[38;2;124;133;144m*[38;2;102;111;122m?[38;2;82;91;102m%        [38;2;24;33;46m# [38;2;111;120;129m*[38;2;84;93;104m%      [0m
 [38;2;76;85;97m%[38;2;192;200;207m:[38;2;237;245;253m.[38;2;255;255;255m.[38;2;255;255;255m.[38;2;255;255;255m.[38;2;254;255;255m.[38;2;247;255;255m.[38;2;238;248;255m.[38;2;231;242;253m.[38;2;240;251;254m.[38;2;89;98;110m?[38;2;9;18;31m@                     [0m
  [38;2;80;89;100m%[38;2;91;100;111m?[38;2;101;110;121m?[38;2;117;126;137m*[38;2;142;151;162m+[38;2;174;183;193m;[38;2;209;218;228m,[38;2;237;246;255m.[38;2;248;255;255m.[38;2;246;255;255m.[38;2;210;218;227m,[38;2;117;126;137m*         [38;2;94;102;113m?[38;2;181;188;197m:[38;2;141;150;162m+   [38;2;68;115;122m?     [0m
         [38;2;83;92;103m%[38;2;135;144;154m+[38;2;196;205;214m:[38;2;242;250;255m.[38;2;255;255;255m.[38;2;236;245;254m.[38;2;197;206;217m:[38;2;165;174;185m;[38;2;145;154;165m+[38;2;137;146;158m+[38;2;141;150;161m+[38;2;156;165;176m;[38;2;178;187;196m:[38;2;196;205;213m:[38;2;183;191;199m:[38;2;108;116;127m?          [0m
            [38;2;76;85;96m%[38;2;114;123;133m*[38;2;152;161;171m+[38;2;180;189;199m:[38;2;195;204;214m:[38;2;198;207;218m:[38;2;192;201;212m:[38;2;178;187;197m:[38;2;154;163;173m+[38;2;118;127;137m*[38;2;73;82;94m%            [0m
