                                            [38;2;68;117;123mY               [0m
                                          [38;2;67;114;121mU[38;2;94;194;193m{[38;2;109;237;232m<[38;2;85;168;170m/[38;2;62;99;107mL             [0m
                            [38;2;57;85;94mO[38;2;59;88;97mO[38;2;58;88;97mO[38;2;57;84;93mO          [38;2;69;120;126mX[38;2;96;200;198m}[38;2;109;239;234m>[38;2;88;175;176m\[38;2;63;103;110mC             [0m
                      [38;2;69;120;126mX[38;2;81;155;158mj[38;2;91;185;185m)[38;2;100;210;208m][38;2;106;228;225m+[38;2;109;239;234m>[38;2;111;243;238mi[38;2;110;242;237m>[38;2;109;239;234m>[38;2;108;235;230m<[38;2;106;229;225m~[38;2;104;222;219m_[38;2;100;210;208m][38;2;93;189;189m)[38;2;82;159;161mf[38;2;69;119;125mX      [38;2;70;123;129mX     [38;2;77;142;146mn[38;2;67;114;121mU        [0m
                   [38;2;74;134;139mv[38;2;94;193;192m1[38;2;105;225;221m+[38;2;110;241;236m>[38;2;114;252;246ml[38;2;112;247;241m![38;2;104;223;220m_[38;2;93;190;189m1[38;2;82;157;160mj[38;2;73;131;136mc[38;2;67;113;120mU[38;2;63;102;110mC[38;2;62;97;105mL[38;2;62;98;106mL[38;2;64;105;113mC[38;2;69;119;125mX[38;2;75;137;141mu[38;2;83;160;162mf[38;2;91;183;184m([38;2;97;203;201m[[38;2;71;125;130mz         [38;2;59;84;94mO[38;2;95;191;191m1[38;2;82;153;156mr        [0m
                 [38;2;81;154;157mr[38;2;103;221;218m_[38;2;110;242;236m>[38;2;108;236;231m<[38;2;110;240;235m>[38;2;105;225;222m+[38;2;85;168;170m/[38;2;65;107;115mJ                                   [0m
               [38;2;69;117;124mY[38;2;102;217;214m-[38;2;110;240;235m>[38;2;106;229;225m~[38;2;104;223;219m_[38;2;108;232;228m~[38;2;90;177;178m|[38;2;59;84;93mO                  [38;2;72;81;93mO[38;2;82;91;102mQ[38;2;91;100;112mJ[38;2;100;109;121mY[38;2;109;118;130mc[38;2;119;128;139mu[38;2;125;134;145mx[38;2;129;138;150mr[38;2;133;143;155mj[38;2;135;144;156mf[38;2;134;144;155mf[38;2;129;139;150mr[38;2;121;130;141mn[38;2;108;117;128mz[38;2;91;100;111mJ    [0m
              [38;2;87;167;169m/[38;2;113;245;240mi[38;2;112;241;236m>[38;2;110;236;231m<[38;2;109;237;232m<[38;2;111;250;244m![38;2;83;170;171m/         [38;2;82;91;102mQ[38;2;99;108;119mY[38;2;117;126;137mu[38;2;136;145;156mf[38;2;155;164;175m([38;2;173;182;193m[[38;2;190;199;210m_[38;2;206;215;226mi[38;2;219;229;239mI[38;2;231;240;251m,[38;2;240;249;255m'[38;2;247;255;255m.[38;2;252;255;255m.[38;2;255;255;255m.[38;2;255;255;255m.[38;2;255;255;255m.[38;2;246;255;255m.[38;2;247;255;255m.[38;2;247;255;255m.[38;2;246;255;255m.[38;2;246;255;255m.[38;2;246;255;255m.[38;2;249;255;255m.[38;2;254;255;255m.[38;2;255;255;255m.[38;2;255;255;255m.[38;2;183;192;203m?   [0m
            [38;2;67;122;128mX[38;2;94;212;209m][38;2;99;232;227m~[38;2;89;205;202m[[38;2;85;193;191m1[38;2;84;181;181m|[38;2;84;169;170m/[38;2;90;167;169m/[38;2;88;134;140mu[38;2;85;92;104mL[38;2;104;114;125mz[38;2;125;134;144mx[38;2;149;158;168m\[38;2;172;181;192m}[38;2;195;204;214m~[38;2;214;223;234ml[38;2;231;240;251m,[38;2;244;253;255m'[38;2;252;255;255m.[38;2;255;255;255m.[38;2;255;255;255m.[38;2;252;255;255m.[38;2;244;253;255m'[38;2;234;243;254m\[38;2;222;231;242m;[38;2;208;217;228mi[38;2;194;203;214m+[38;2;180;189;200m?[38;2;166;175;186m{[38;2;152;161;172m|[38;2;139;148;160mt[38;2;129;138;149mr[38;2;114;123;135mv[38;2;166;175;187m{[38;2;238;247;253m"[38;2;234;243;254m\[38;2;239;248;255m"[38;2;243;252;255m'[38;2;245;254;255m.[38;2;243;252;255m'[38;2;231;240;249m,[38;2;204;213;222m>[38;2;160;169;178m)[38;2;103;112;123mX    [0m
           [38;2;73;121;127mX[38;2;99;166;170m/[38;2;108;155;161mf[38;2;121;149;158mf[38;2;139;159;168m\[38;2;159;170;180m)[38;2;178;184;195m[[38;2;196;199;210m+[38;2;212;213;224m>[38;2;226;230;242m;[38;2;243;252;255m'[38;2;255;255;255m.[38;2;255;255;255m.[38;2;247;255;255m.[38;2;234;243;253m\[38;2;217;226;236ml[38;2;197;206;216m~[38;2;175;184;195m[[38;2;154;163;174m([38;2;133;142;153mj[38;2;113;122;134mv[38;2;96;105;116mU[38;2;81;90;101mQ          [38;2;27;36;48m*[38;2;70;79;91mZ[38;2;235;244;253m\[38;2;224;233;243m;[38;2;206;215;225mi[38;2;181;190;200m?[38;2;148;157;167m\[38;2;112;121;131mc[38;2;76;85;96m0       [0m
      [38;2;69;78;89mZ[38;2;104;113;124mX[38;2;137;146;156mf[38;2;167;176;186m{[38;2;193;202;213m+[38;2;212;219;229m![38;2;225;224;236mI[38;2;236;237;249m,[38;2;244;248;255m'[38;2;247;254;255m.[38;2;248;255;255m.[38;2;246;255;255m.[38;2;244;254;255m.[38;2;239;250;255m'[38;2;243;253;255m'[38;2;223;231;240m;[38;2;141;150;161mt[38;2;93;102;113mJ[38;2;72;81;92mO                     [38;2;75;84;95m0             [0m
   [38;2;96;105;116mU[38;2;153;162;171m|[38;2;198;207;216m~[38;2;228;237;246m:[38;2;242;251;255m'[38;2;246;255;255m.[38;2;244;253;255m'[38;2;241;250;255m'[38;2;238;248;255m"[38;2;237;247;255m"[38;2;235;245;255m\[38;2;233;243;254m\[38;2;232;242;253m\[38;2;232;241;252m,[38;2;233;242;253m\[38;2;232;241;252m,[38;2;237;246;253m"[38;2;221;230;238mI[38;2;71;80;92mO                                      [0m
  [38;2;72;81;93mO[38;2;206;215;222m>[38;2;242;251;255m'[38;2;246;255;255m.[38;2;245;254;255m.[38;2;244;254;255m.[38;2;245;254;255m.[38;2;246;255;255m.[38;2;245;254;255m.[38;2;242;251;255m'[38;2;239;248;255m"[38;2;235;244;255m\[38;2;232;241;252m,[38;2;232;241;252m,[38;2;234;243;254m\[38;2;235;244;255m\[38;2;234;243;254m\[38;2;239;248;255m"[38;2;218;227;236mI                      [38;2;76;84;94m0      [38;2;57;84;93mO         [0m
     [38;2;83;92;103mL[38;2;100;109;120mY[38;2;114;123;134mv[38;2;129;138;149mr[38;2;148;157;168m\[38;2;170;179;190m}[38;2;195;204;214m~[38;2;219;227;238mI[38;2;237;246;255m"[38;2;248;255;255m.[38;2;248;255;255m.[38;2;241;250;255m'[38;2;234;243;254m\[38;2;232;241;252m,[38;2;232;241;253m,[38;2;241;250;255m'[38;2;215;224;231ml[38;2;114;123;133mv                  [38;2;94;103;114mU[38;2;206;214;220m>[38;2;228;234;240m:[38;2;78;87;99m0    [38;2;58;85;94mO[38;2;91;186;186m)[38;2;60;93;101mQ        [0m
             [38;2;82;91;102mQ[38;2;120;129;139mn[38;2;166;175;184m{[38;2;210;219;228m![38;2;240;249;255m'[38;2;249;255;255m.[38;2;242;251;255m'[38;2;233;242;254m\[38;2;237;246;255m"[38;2;244;253;255m'[38;2;209;218;227mi[38;2;150;158;168m\[38;2;97;106;117mU            [38;2;83;92;103mL[38;2;137;146;156mf[38;2;209;218;226mi[38;2;251;255;255m.[38;2;192;200;207m+[38;2;74;84;96m0                [0m
                 [38;2;88;97;107mC[38;2;143;152;161m/[38;2;204;213;222m>[38;2;241;250;255m'[38;2;247;255;255m.[38;2;243;252;255m'[38;2;246;255;255m.[38;2;249;255;255m.[38;2;241;250;255m'[38;2;222;231;241m;[38;2;196;205;216m~[38;2;172;181;192m}[38;2;152;161;172m|[38;2;138;147;159mf[38;2;131;140;151mj[38;2;130;139;150mr[38;2;135;144;156mf[38;2;149;158;169m\[38;2;170;179;190m}[38;2;199;208;218m<[38;2;230;239;248m,[38;2;251;255;255m.[38;2;240;249;255m'[38;2;182;190;199m?[38;2;93;102;113mJ                  [0m
                    [38;2;89;97;108mC[38;2;140;148;158mt[38;2;184;193;202m-[38;2;213;222;232m![38;2;230;239;249m,[38;2;241;250;255m'[38;2;249;255;255m.[38;2;255;255;255m.[38;2;255;255;255m.[38;2;255;255;255m.[38;2;255;255;255m.[38;2;255;255;255m.[38;2;255;255;255m.[38;2;255;255;255m.[38;2;252;255;255m.[38;2;237;246;255m"[38;2;210;219;228m![38;2;167;176;185m{[38;2;113;122;132mv                     [0m
                        [38;2;74;83;94mO[38;2;95;104;115mU[38;2;113;122;132mv[38;2;126;135;146mx[38;2;134;143;154mj[38;2;137;146;158mf[38;2;136;145;156mf[38;2;130;139;150mr[38;2;118;127;138mu[38;2;102;111;122mX[38;2;82;91;102mQ                         [0m
