                                                                         [38;2;68;117;124mY[38;2;62;99;107mL                         [0m
                                                                        [38;2;63;103;110mC[38;2;105;226;223m+[38;2;100;211;209m][38;2;58;87;96mO                        [0m
                                                                     [38;2;60;93;102mQ[38;2;74;132;137mv[38;2;92;186;186m)[38;2;107;233;228m~[38;2;106;230;226m~[38;2;107;232;228m~[38;2;106;229;225m~[38;2;89;178;178m|[38;2;71;125;131mz[38;2;59;89;98m0                     [0m
                                                                     [38;2;62;99;107mL[38;2;77;142;146mn[38;2;95;198;197m{[38;2;108;236;231m<[38;2;106;229;225m~[38;2;107;231;227m~[38;2;108;233;229m~[38;2;93;189;189m)[38;2;74;135;139mv[38;2;60;94;102mQ                     [0m
                                          [38;2;60;92;101m0[38;2;66;110;118mJ[38;2;72;127;132mz[38;2;76;141;145mu[38;2;80;151;154mr[38;2;82;158;161mj[38;2;83;162;164mf[38;2;84;163;165mt[38;2;83;161;164mf[38;2;82;157;160mj[38;2;79;150;153mr[38;2;76;140;144mu[38;2;72;128;133mc[38;2;67;113;119mU[38;2;61;95;104mQ               [38;2;67;113;120mU[38;2;106;229;225m~[38;2;102;216;214m-[38;2;61;96;105mQ                        [0m
                                     [38;2;64;106;114mJ[38;2;78;144;148mn[38;2;89;178;179m|[38;2;98;204;203m[[38;2;104;222;218m_[38;2;107;232;228m~[38;2;108;236;232m<[38;2;109;238;233m>[38;2;109;239;234m>[38;2;110;241;236m>[38;2;111;243;237mi[38;2;111;245;240mi[38;2;112;247;242m![38;2;113;249;243m![38;2;113;251;245m![38;2;114;252;245ml[38;2;114;252;246ml[38;2;113;251;245m![38;2;113;249;243m![38;2;111;243;238mi[38;2;107;232;228m~[38;2;102;216;213m-[38;2;94;192;191m1[38;2;83;159;162mf[38;2;70;122;128mX[38;2;57;85;95mO          [38;2;71;125;131mz[38;2;65;106;114mJ         [38;2;84;164;166mt[38;2;63;101;109mL              [0m
                                  [38;2;74;134;139mv[38;2;91;185;185m)[38;2;103;220;217m-[38;2;109;237;233m<[38;2;110;242;236m>[38;2;109;238;233m>[38;2;107;232;228m~[38;2;106;229;225m~[38;2;107;231;227m~[38;2;108;236;231m<[38;2;109;239;234m>[38;2;109;237;232m<[38;2;106;230;226m~[38;2;103;220;217m-[38;2;99;208;206m][38;2;95;196;195m{[38;2;91;186;186m)[38;2;89;178;179m|[38;2;87;174;175m\[38;2;87;172;174m\[38;2;88;175;176m\[38;2;89;180;181m|[38;2;93;190;189m1[38;2;97;202;200m}[38;2;101;215;212m?[38;2;106;230;226m~[38;2;111;243;238mi[38;2;113;250;244m![38;2;111;243;238mi[38;2;102;216;213m-[38;2;86;170;171m/[38;2;68;116;122mY                [38;2;66;109;117mJ[38;2;97;201;199m}[38;2;114;251;245ml[38;2;107;231;227m~[38;2;77;142;146mn             [0m
                               [38;2;68;117;124mY[38;2;91;184;185m([38;2;106;228;224m+[38;2;110;242;236m>[38;2;109;238;233m>[38;2;107;231;227m~[38;2;105;226;222m+[38;2;104;224;220m_[38;2;106;230;226m~[38;2;110;239;235m>[38;2;109;237;233m<[38;2;102;218;215m-[38;2;92;186;186m)[38;2;80;151;154mr[38;2;69;118;125mY[38;2;60;93;102mQ             [38;2;58;86;95mO[38;2;65;108;115mJ[38;2;76;139;144mu[38;2;90;181;181m([38;2;103;219;216m-[38;2;94;194;193m{                  [38;2;91;184;184m([38;2;70;121;127mX              [0m
                             [38;2;73;133;137mv[38;2;99;207;205m][38;2;110;240;235m>[38;2;109;238;233m>[38;2;106;230;225m~[38;2;105;226;223m+[38;2;105;226;222m+[38;2;105;226;222m+[38;2;108;236;231m<[38;2;110;241;236m>[38;2;101;214;212m?[38;2;83;162;164mf[38;2;65;108;115mJ                                                          [0m
                           [38;2;68;117;123mY[38;2;99;208;206m][38;2;110;242;237m>[38;2;108;234;230m<[38;2;105;226;223m+[38;2;105;227;223m+[38;2;106;229;225m~[38;2;105;227;223m+[38;2;107;232;228m~[38;2;110;240;235m>[38;2;96;199;198m}[38;2;70;123;129mX                                                             [0m
                          [38;2;89;179;179m|[38;2;110;240;235m>[38;2;108;234;230m<[38;2;105;226;222m+[38;2;106;228;224m+[38;2;106;229;225m~[38;2;106;229;225m~[38;2;106;228;224m+[38;2;109;238;233m>[38;2;103;220;217m-[38;2;71;125;131mz                                    [38;2;75;84;96m0[38;2;83;92;103mL[38;2;90;99;111mJ[38;2;97;106;118mU[38;2;104;113;124mX[38;2;110;119;131mc[38;2;116;125;137mu[38;2;120;129;141mn[38;2;124;133;144mx[38;2;127;136;148mx[38;2;129;138;150mr[38;2;130;139;150mr[38;2;129;138;150mr[38;2;125;134;146mx[38;2;121;130;142mn[38;2;116;125;136mu[38;2;107;116;127mz[38;2;96;105;117mU[38;2;83;92;103mL        [0m
                        [38;2;65;107;114mJ[38;2;102;218;215m-[38;2;110;240;235m>[38;2;105;226;223m+[38;2;106;228;224m+[38;2;106;229;225m~[38;2;106;229;225m~[38;2;106;228;224m+[38;2;105;227;223m+[38;2;107;232;228m~[38;2;93;190;189m1                        [38;2;76;85;96m0[38;2;88;97;109mC[38;2;102;111;123mX[38;2;117;126;137mu[38;2;131;140;152mj[38;2;146;155;166m\[38;2;160;169;180m)[38;2;173;182;193m[[38;2;185;194;205m-[38;2;196;205;216m~[38;2;205;214;225m>[38;2;213;222;234m![38;2;220;229;240mI[38;2;226;235;246m:[38;2;231;240;251m,[38;2;235;244;254m\[38;2;239;248;255m"[38;2;243;252;255m'[38;2;245;254;255m.[38;2;246;255;255m.[38;2;247;255;255m.[38;2;247;255;255m.[38;2;248;255;255m.[38;2;248;255;255m.[38;2;248;255;255m.[38;2;248;255;255m.[38;2;248;255;255m.[38;2;248;255;255m.[38;2;247;255;255m.[38;2;247;255;255m.[38;2;245;254;255m.[38;2;242;251;255m'[38;2;236;245;255m"[38;2;224;232;243m;[38;2;211;220;226m![38;2;160;169;180m)     [0m
                       [38;2;81;156;158mj[38;2;108;236;231m<[38;2;107;231;227m~[38;2;104;223;220m_[38;2;105;226;223m+[38;2;105;227;223m+[38;2;106;228;224m+[38;2;107;230;226m~[38;2;108;232;228m~[38;2;109;235;231m<[38;2;112;242;237mi[38;2;62;91;100m0              [38;2;83;92;103mL[38;2;99;108;119mY[38;2;117;126;137mu[38;2;135;144;155mf[38;2;153;162;173m|[38;2;170;179;190m}[38;2;186;195;206m-[38;2;201;210;221m<[38;2;213;222;233m![38;2;223;232;243m;[38;2;231;240;251m,[38;2;237;246;255m"[38;2;241;250;255m'[38;2;244;253;255m'[38;2;246;255;255m.[38;2;247;255;255m.[38;2;248;255;255m.[38;2;248;255;255m.[38;2;248;255;255m.[38;2;248;255;255m.[38;2;247;255;255m.[38;2;247;255;255m.[38;2;247;255;255m.[38;2;247;255;255m.[38;2;247;255;255m.[38;2;247;255;255m.[38;2;241;250;255m'[38;2;233;242;253m\[38;2;233;242;253m\[38;2;233;242;253m\[38;2;232;241;252m,[38;2;232;241;252m,[38;2;232;241;252m,[38;2;232;241;252m,[38;2;232;241;252m,[38;2;232;241;252m,[38;2;232;241;252m,[38;2;232;241;252m,[38;2;231;240;251m,[38;2;230;239;250m,[38;2;230;239;250m,[38;2;234;243;254m\[38;2;243;252;255m'[38;2;250;255;255m.[38;2;244;252;255m'[38;2;166;175;186m{     [0m
                     [38;2;65;106;114mJ[38;2;99;208;206m][38;2;113;245;240mi[38;2;110;235;231m<[38;2;111;239;234m>[38;2;113;244;238mi[38;2;113;244;239mi[38;2;111;242;237mi[38;2;108;237;232m<[38;2;103;227;223m+[38;2;97;215;212m?[38;2;89;200;198m}[38;2;85;191;190m)[38;2;60;120;125mY    [38;2;69;78;90mZ[38;2;86;95;106mC[38;2;105;114;125mz[38;2;125;134;145mx[38;2;146;155;166m\[38;2;166;175;186m{[38;2;184;193;205m-[38;2;201;210;221m<[38;2;215;224;235ml[38;2;226;235;246m:[38;2;234;243;254m\[38;2;240;249;255m'[38;2;244;253;255m'[38;2;247;255;255m.[38;2;248;255;255m.[38;2;248;255;255m.[38;2;249;255;255m.[38;2;249;255;255m.[38;2;248;255;255m.[38;2;248;255;255m.[38;2;248;255;255m.[38;2;248;255;255m.[38;2;247;255;255m.[38;2;245;254;255m.[38;2;242;251;255m'[38;2;239;248;255m"[38;2;235;244;255m\[38;2;229;238;249m,[38;2;223;232;243m;[38;2;216;225;236ml[38;2;208;217;228mi[38;2;199;208;219m<[38;2;190;199;211m_[38;2;182;191;202m?[38;2;172;181;192m}[38;2;166;175;187m{[38;2;201;210;221m<[38;2;239;248;255m"[38;2;234;243;254m\[38;2;235;244;255m\[38;2;235;244;255m\[38;2;235;244;255m\[38;2;234;243;254m\[38;2;233;242;253m\[38;2;232;241;252m,[38;2;232;241;252m,[38;2;233;242;253m\[38;2;236;245;255m"[38;2;242;251;255m'[38;2;247;255;255m.[38;2;247;255;255m.[38;2;234;243;252m\[38;2;198;207;216m~[38;2;141;150;159mt[38;2;74;83;94mO      [0m
                   [38;2;65;100;108mL[38;2;94;191;190m1[38;2;112;247;241m![38;2;106;234;230m<[38;2;95;211;208m][38;2;88;196;194m{[38;2;79;175;175m\[38;2;72;154;156mr[38;2;66;134;138mc[38;2;64;119;124mY[38;2;67;108;115mJ[38;2;73;103;112mC[38;2;84;105;115mU[38;2;99;113;123mX[38;2;117;125;136mu[38;2;140;149;160mt[38;2;162;171;182m1[38;2;183;191;202m?[38;2;201;210;221m<[38;2;215;224;235ml[38;2;227;236;246m:[38;2;236;245;255m"[38;2;242;251;255m'[38;2;246;255;255m.[38;2;248;255;255m.[38;2;248;255;255m.[38;2;249;255;255m.[38;2;249;255;255m.[38;2;249;255;255m.[38;2;249;255;255m.[38;2;248;255;255m.[38;2;247;255;255m.[38;2;244;253;255m'[38;2;240;249;255m'[38;2;235;244;254m\[38;2;227;236;247m:[38;2;218;227;238mI[38;2;207;216;227mi[38;2;194;203;214m+[38;2;180;189;201m?[38;2;166;175;186m{[38;2;151;160;171m|[38;2;136;145;156mf[38;2;121;130;142mn[38;2;108;117;128mz[38;2;95;104;115mU[38;2;83;92;104mL[38;2;73;82;94mO         [38;2;180;189;199m?[38;2;241;250;252m'[38;2;230;239;250m,[38;2;233;242;253m\[38;2;234;243;255m\[38;2;238;247;255m"[38;2;242;251;255m'[38;2;246;255;255m.[38;2;249;255;255m.[38;2;245;254;255m.[38;2;231;240;250m,[38;2;205;214;223m>[38;2;166;175;185m{[38;2;120;129;139mn[38;2;76;85;96m0         [0m
                  [38;2;51;92;100m0[38;2;72;152;154mr[38;2;70;138;142mu[38;2;66;111;117mU[38;2;72;102;111mC[38;2;84;104;114mJ[38;2;100;111;122mX[38;2;120;125;136mu[38;2;141;143;155mf[38;2;164;165;177m)[38;2;186;187;198m?[38;2;205;208;219m<[38;2;221;226;237mI[38;2;234;240;251m,[38;2;242;250;255m'[38;2;247;255;255m.[38;2;249;255;255m.[38;2;248;255;255m.[38;2;243;252;255m'[38;2;242;251;255m'[38;2;246;255;255m.[38;2;248;255;255m.[38;2;248;255;255m.[38;2;246;255;255m.[38;2;243;252;255m'[38;2;237;246;255m"[38;2;229;238;249m,[38;2;218;227;238mI[38;2;205;214;224m>[38;2;189;198;208m_[38;2;172;181;191m}[38;2;153;162;173m|[38;2;134;143;154mj[38;2;116;125;136mu[38;2;99;108;119mY[38;2;83;92;104mL[38;2;70;79;91mZ                     [38;2;158;167;179m)[38;2;255;255;255m.[38;2;245;254;255m.[38;2;246;255;255m.[38;2;238;247;255m"[38;2;225;234;244m:[38;2;204;213;223m>[38;2;175;184;194m[[38;2;141;150;160mt[38;2;105;114;125mz[38;2;72;81;92mO             [0m
                [38;2;83;92;103mL[38;2;107;116;127mz[38;2;134;143;154mj[38;2;156;158;169m|[38;2;179;178;190m}[38;2;202;204;215m~[38;2;220;224;235ml[38;2;234;240;251m,[38;2;243;251;255m'[38;2;248;255;255m.[38;2;249;255;255m.[38;2;248;255;255m.[38;2;245;255;255m.[38;2;242;252;255m'[38;2;238;249;255m"[38;2;236;245;255m"[38;2;234;243;254m\[38;2;233;242;253m\[38;2;231;240;252m,[38;2;231;241;252m,[38;2;245;254;255m.[38;2;238;247;255m"[38;2;207;216;226mi[38;2;176;185;195m][38;2;152;161;172m|[38;2;130;139;150mr[38;2;109;118;129mc[38;2;90;99;110mJ[38;2;73;82;94mO                               [38;2;100;109;121mY[38;2;155;163;169m([38;2;129;138;149mr[38;2;108;117;128mz[38;2;85;94;105mL                   [0m
           [38;2;100;109;119mY[38;2;141;150;160mt[38;2;175;184;194m[[38;2;202;211;222m<[38;2;223;232;242m;[38;2;237;246;255m"[38;2;245;254;255m.[38;2;248;255;255m.[38;2;249;255;255m.[38;2;246;255;255m.[38;2;243;253;255m'[38;2;239;249;255m"[38;2;236;245;255m"[38;2;233;243;254m\[38;2;232;241;252m,[38;2;232;241;252m,[38;2;232;241;252m,[38;2;233;242;253m\[38;2;234;243;254m\[38;2;234;243;254m\[38;2;235;244;255m\[38;2;235;244;255m\[38;2;234;243;254m\[38;2;237;246;255m"[38;2;240;249;255m'[38;2;164;173;183m1[38;2;85;94;105mL                                                              [0m
       [38;2;96;104;115mU[38;2;147;155;165m\[38;2;193;202;211m+[38;2;226;235;244m:[38;2;244;252;255m'[38;2;249;255;255m.[38;2;246;255;255m.[38;2;242;251;255m'[38;2;238;247;255m"[38;2;235;244;255m\[38;2;233;242;253m\[38;2;232;241;252m,[38;2;232;241;252m,[38;2;233;242;253m\[38;2;233;242;253m\[38;2;234;243;254m\[38;2;235;244;255m\[38;2;235;244;255m\[38;2;235;244;255m\[38;2;235;244;255m\[38;2;235;244;255m\[38;2;235;244;255m\[38;2;235;244;255m\[38;2;235;244;255m\[38;2;235;244;255m\[38;2;235;244;255m\[38;2;234;243;254m\[38;2;238;247;252m"[38;2;115;124;136mv                                                                [0m
     [38;2;152;160;170m|[38;2;212;221;229m![38;2;239;248;255m"[38;2;245;254;255m.[38;2;241;250;255m'[38;2;235;244;255m\[38;2;231;240;252m,[38;2;231;240;251m,[38;2;232;241;252m,[38;2;233;242;253m\[38;2;234;243;254m\[38;2;235;244;255m\[38;2;235;244;255m\[38;2;235;244;255m\[38;2;235;244;255m\[38;2;235;244;255m\[38;2;235;244;255m\[38;2;235;244;255m\[38;2;235;244;255m\[38;2;235;244;255m\[38;2;235;244;255m\[38;2;235;244;255m\[38;2;235;244;255m\[38;2;235;244;255m\[38;2;235;244;255m\[38;2;235;244;255m\[38;2;235;244;255m\[38;2;233;242;253m\[38;2;245;254;255m.[38;2;187;196;209m_                                                                 [0m
    [38;2;106;115;127mz[38;2;239;247;251m"[38;2;247;255;255m.[38;2;246;255;255m.[38;2;245;254;255m.[38;2;245;254;255m.[38;2;244;253;255m'[38;2;242;251;255m'[38;2;241;250;255m'[38;2;238;247;255m"[38;2;236;245;255m"[38;2;234;243;254m\[38;2;233;242;253m\[38;2;232;241;252m,[38;2;232;241;252m,[38;2;233;242;253m\[38;2;234;243;254m\[38;2;234;243;254m\[38;2;235;244;255m\[38;2;235;244;255m\[38;2;235;244;255m\[38;2;235;244;255m\[38;2;235;244;255m\[38;2;235;244;255m\[38;2;235;244;255m\[38;2;235;244;255m\[38;2;235;244;255m\[38;2;235;244;255m\[38;2;234;243;254m\[38;2;239;248;254m"[38;2;214;223;232ml                                                                 [0m
      [38;2;94;103;113mU[38;2;126;135;145mx[38;2;151;160;170m|[38;2;171;180;192m}[38;2;188;197;208m_[38;2;201;210;221m<[38;2;211;220;232m![38;2;221;230;241m;[38;2;231;240;251m,[38;2;239;248;255m"[38;2;245;254;255m.[38;2;248;255;255m.[38;2;248;255;255m.[38;2;246;255;255m.[38;2;241;250;255m'[38;2;237;246;255m"[38;2;233;242;253m\[38;2;232;241;252m,[38;2;233;242;253m\[38;2;234;243;254m\[38;2;235;244;255m\[38;2;235;244;255m\[38;2;235;244;255m\[38;2;235;244;255m\[38;2;235;244;255m\[38;2;235;244;255m\[38;2;235;244;255m\[38;2;233;242;254m\[38;2;243;252;255m'[38;2;197;206;214m~[38;2;77;86;97m0                                 [38;2;80;89;100mQ[38;2;173;182;191m[[38;2;209;216;221mi[38;2;163;172;183m1         [38;2;83;162;164mf[38;2;98;204;203m[[38;2;64;105;113mC              [0m
              [38;2;71;80;92mO[38;2;86;95;107mC[38;2;105;114;125mz[38;2;128;137;148mr[38;2;154;163;173m([38;2;181;190;201m?[38;2;208;217;227mi[38;2;230;239;249m,[38;2;244;253;255m'[38;2;249;255;255m.[38;2;246;255;255m.[38;2;239;248;255m"[38;2;234;243;254m\[38;2;232;241;252m,[38;2;233;242;253m\[38;2;235;244;254m\[38;2;235;244;255m\[38;2;235;244;255m\[38;2;235;244;255m\[38;2;235;244;255m\[38;2;233;242;254m\[38;2;243;252;255m'[38;2;235;243;251m\[38;2;158;167;176m)[38;2;76;85;96m0                             [38;2;73;82;93mO[38;2;155;164;173m([38;2;231;239;247m,[38;2;255;255;255m.[38;2;245;253;255m.[38;2;131;140;152mj         [38;2;81;155;158mj[38;2;95;196;195m{[38;2;62;100;108mL              [0m
                     [38;2;70;79;90mZ[38;2;100;109;120mY[38;2;139;148;158mt[38;2;181;190;200m?[38;2;218;227;236mI[38;2;241;250;255m'[38;2;249;255;255m.[38;2;244;253;255m'[38;2;236;245;255m"[38;2;232;241;252m,[38;2;233;242;253m\[38;2;235;244;254m\[38;2;235;244;255m\[38;2;235;244;255m\[38;2;233;242;253m\[38;2;236;245;255m"[38;2;248;255;255m.[38;2;234;243;251m\[38;2;180;189;198m?[38;2;114;123;134mv                         [38;2;109;118;128mc[38;2;174;183;192m[[38;2;230;239;247m,[38;2;254;255;255m.[38;2;249;255;255m.[38;2;195;204;212m~[38;2;81;90;103mQ                           [0m
                          [38;2;93;102;112mJ[38;2;142;151;161mt[38;2;194;203;212m+[38;2;232;241;250m,[38;2;248;255;255m.[38;2;245;254;255m.[38;2;236;245;255m"[38;2;232;241;252m,[38;2;233;242;253m\[38;2;234;243;254m\[38;2;234;243;254m\[38;2;232;241;252m,[38;2;236;245;255m"[38;2;246;255;255m.[38;2;247;255;255m.[38;2;226;235;244m:[38;2;188;197;206m_[38;2;144;153;163m/[38;2;104;113;124mX[38;2;74;83;95mO               [38;2;70;79;90mZ[38;2;98;107;118mY[38;2;137;146;156mf[38;2;180;189;199m?[38;2;220;229;238mI[38;2;246;255;255m.[38;2;255;255;255m.[38;2;248;255;255m.[38;2;209;217;225mi[38;2;122;131;141mn                             [0m
                             [38;2;73;82;93mO[38;2;124;132;142mn[38;2;184;193;202m-[38;2;233;242;250m\[38;2;249;255;255m.[38;2;244;253;255m'[38;2;237;246;255m"[38;2;233;242;253m\[38;2;232;241;252m,[38;2;232;241;252m,[38;2;232;241;252m,[38;2;232;241;252m,[38;2;237;246;255m"[38;2;245;254;255m.[38;2;249;255;255m.[38;2;245;254;255m.[38;2;233;242;252m\[38;2;215;224;235ml[38;2;195;204;215m~[38;2;176;185;196m][38;2;159;168;179m)[38;2;145;154;165m/[38;2;135;144;155mf[38;2;128;137;149mr[38;2;126;135;147mx[38;2;127;136;148mx[38;2;132;141;153mj[38;2;141;150;162mt[38;2;154;163;175m([38;2;170;179;191m}[38;2;189;198;209m_[38;2;209;218;229mi[38;2;227;236;246m:[38;2;241;250;255m'[38;2;250;255;255m.[38;2;254;255;255m.[38;2;252;255;255m.[38;2;235;244;252m\[38;2;191;199;208m_[38;2;117;126;136mu                               [0m
                                [38;2;75;84;95m0[38;2;134;143;152mj[38;2;190;199;208m_[38;2;228;237;246m:[38;2;246;255;255m.[38;2;248;255;255m.[38;2;245;254;255m.[38;2;239;248;255m"[38;2;235;244;255m\[38;2;232;241;253m,[38;2;230;239;250m,[38;2;229;238;249m,[38;2;230;239;250m,[38;2;233;242;253m\[38;2;238;247;255m"[38;2;242;251;255m'[38;2;245;254;255m.[38;2;246;255;255m.[38;2;247;255;255m.[38;2;247;255;255m.[38;2;246;255;255m.[38;2;245;254;255m.[38;2;245;254;255m.[38;2;245;254;255m.[38;2;246;255;255m.[38;2;246;255;255m.[38;2;247;255;255m.[38;2;248;255;255m.[38;2;249;255;255m.[38;2;250;255;255m.[38;2;245;254;255m.[38;2;229;238;247m,[38;2;195;204;212m~[38;2;142;150;160mt[38;2;82;91;102mQ                                 [0m
                                    [38;2;108;117;128mz[38;2;152;160;171m|[38;2;189;198;208m_[38;2;217;226;236ml[38;2;234;243;254m\[38;2;244;253;255m'[38;2;248;255;255m.[38;2;249;255;255m.[38;2;248;255;255m.[38;2;246;255;255m.[38;2;244;253;255m'[38;2;242;251;255m'[38;2;241;250;255m'[38;2;240;249;255m'[38;2;240;249;255m'[38;2;241;250;255m'[38;2;242;251;255m'[38;2;243;252;255m'[38;2;245;254;255m.[38;2;245;254;255m.[38;2;245;254;255m.[38;2;242;251;255m'[38;2;234;243;253m\[38;2;218;227;237mI[38;2;193;202;211m+[38;2;157;166;175m([38;2;115;123;134mv[38;2;73;82;93mO                                    [0m
                                        [38;2;77;86;97m0[38;2;100;109;120mY[38;2;124;133;144mx[38;2;144;153;164m/[38;2;162;171;181m1[38;2;176;185;196m][38;2;186;195;206m-[38;2;193;202;213m+[38;2;197;206;217m~[38;2;199;208;219m<[38;2;197;206;218m~[38;2;194;203;214m+[38;2;188;197;208m_[38;2;178;187;198m][38;2;165;174;184m{[38;2;148;157;167m\[38;2;127;136;147mx[38;2;105;114;125mz[38;2;81;90;101mQ                                         [0m
