                                   [38;2;70;122;128mX[38;2;102;217;215m-[38;2;100;211;209m][38;2;68;116;123mY           [0m
                     [38;2;63;101;108mL[38;2;69;120;126mX[38;2;74;134;138mv[38;2;76;141;145mu[38;2;76;141;145mu[38;2;74;135;140mv[38;2;70;123;128mX[38;2;64;105;112mC[38;2;57;84;93mO     [38;2;62;99;107mL[38;2;93;192;191m1[38;2;91;185;185m)[38;2;61;94;103mQ           [0m
                [38;2;57;83;93mZ[38;2;74;133;138mv[38;2;89;178;178m|[38;2;102;216;213m-[38;2;110;240;236m>[38;2;111;245;239mi[38;2;108;234;230m<[38;2;102;218;215m-[38;2;97;203;201m[[38;2;94;192;192m1[38;2;92;187;187m)[38;2;92;188;187m)[38;2;93;191;191m1[38;2;94;193;192m1[38;2;92;187;187m)[38;2;87;172;173m\[38;2;72;128;133mc        [38;2;71;119;125mX[38;2;97;196;195m{[38;2;59;85;94mO      [0m
              [38;2;64;104;111mC[38;2;90;182;183m([38;2;106;228;224m+[38;2;112;246;240mi[38;2;113;250;244m![38;2;100;211;209m][38;2;80;153;156mr[38;2;64;104;112mC         [38;2;61;97;105mQ[38;2;63;108;115mJ                 [0m
             [38;2;89;175;177m\[38;2;110;237;232m<[38;2;111;238;233m>[38;2;109;234;229m<[38;2;102;212;210m?[38;2;72;122;128mX               [38;2;76;85;96m0[38;2;86;94;106mL[38;2;96;105;117mU[38;2;104;113;124mX[38;2;110;119;131mc[38;2;117;126;138mu[38;2;122;131;142mn[38;2;124;131;143mn[38;2;122;126;138mu[38;2;120;128;140mu[38;2;113;122;134mv[38;2;104;113;124mX[38;2;92;101;111mJ   [0m
           [38;2;72;125;131mz[38;2;105;228;224m+[38;2;110;249;243m![38;2;102;231;226m~[38;2;98;225;221m_[38;2;96;224;219m_ [38;2;28;25;39mM   [38;2;68;78;89mZ[38;2;84;94;105mL[38;2;103;112;123mX[38;2;123;132;143mn[38;2;144;153;164m/[38;2;164;173;184m1[38;2;182;191;202m?[38;2;199;208;219m<[38;2;213;223;233ml[38;2;225;235;245m:[38;2;233;244;254m\[38;2;238;247;255m"[38;2;241;250;255m'[38;2;242;251;255m'[38;2;240;249;255m'[38;2;246;255;255m.[38;2;247;255;255m.[38;2;243;252;255m'[38;2;246;255;255m.[38;2;248;255;255m.[38;2;253;255;255m.[38;2;255;255;255m.[38;2;255;255;255m.[38;2;253;255;255m.[38;2;221;229;234mI[38;2;95;104;116mU  [0m
          [38;2;73;153;155mr[38;2;92;198;196m{[38;2;92;180;181m([38;2;97;166;169m/[38;2;107;166;170m/[38;2;120;166;172m\[38;2;136;171;179m([38;2;145;160;170m|[38;2;170;180;190m}[38;2;198;207;218m~[38;2;216;225;235ml[38;2;230;239;249m,[38;2;238;247;255m"[38;2;240;249;255m'[38;2;237;246;255m"[38;2;229;238;249m,[38;2;218;227;237mI[38;2;203;212;223m>[38;2;187;196;207m-[38;2;170;179;190m}[38;2;152;161;172m|[38;2;136;145;156mf[38;2;120;129;141mn[38;2;106;115;127mz[38;2;94;103;115mU[38;2;84;93;104mL[38;2;73;82;94mO[38;2;76;85;97m0[38;2;218;227;237mI[38;2;252;255;255m.[38;2;240;249;255m'[38;2;232;241;251m,[38;2;213;222;232m![38;2;183;192;201m?[38;2;142;151;160mt[38;2;95;104;114mU    [0m
      [38;2;69;78;89mZ[38;2;94;103;113mU[38;2;119;128;139mu[38;2;153;176;185m1[38;2;177;197;206m-[38;2;191;196;207m_[38;2;208;210;221m>[38;2;222;223;235ml[38;2;233;234;246m:[38;2;241;243;254m\[38;2;244;247;255m"[38;2;255;255;255m.[38;2;227;236;246m:[38;2;174;183;194m[[38;2;146;155;166m\[38;2;123;132;143mn[38;2;100;109;121mY[38;2;81;90;102mQ              [38;2;117;126;138mu[38;2;134;143;150mj[38;2;103;112;123mX[38;2;78;88;99mQ        [0m
   [38;2;118;127;137mu[38;2;166;175;184m{[38;2;204;213;223m>[38;2;229;238;248m,[38;2;240;249;255m'[38;2;245;254;255m.[38;2;244;250;255m'[38;2;243;249;255m'[38;2;243;252;255m'[38;2;241;251;255m'[38;2;238;249;255m"[38;2;236;247;255m"[38;2;232;242;253m\[38;2;242;251;254m'[38;2;162;172;182m1                                [0m
  [38;2;123;132;144mn[38;2;219;227;231mI[38;2;233;242;251m\[38;2;238;247;255m"[38;2;238;247;255m"[38;2;241;250;255m'[38;2;244;253;255m'[38;2;246;255;255m.[38;2;245;254;255m.[38;2;240;249;255m'[38;2;235;244;255m\[38;2;232;241;252m,[38;2;232;241;252m,[38;2;231;240;251m,[38;2;246;254;255m.[38;2;149;158;169m\                  [38;2;96;105;117mU    [38;2;58;84;93mO[38;2;61;93;102mQ       [0m
     [38;2;69;78;90mZ[38;2;81;90;101mQ[38;2;95;104;115mU[38;2;115;124;134mv[38;2;140;149;159mt[38;2;170;179;189m}[38;2;203;211;221m>[38;2;230;239;249m,[38;2;246;255;255m.[38;2;248;255;255m.[38;2;240;249;255m'[38;2;232;241;253m,[38;2;240;249;255m'[38;2;187;196;205m-[38;2;102;111;121mX             [38;2;72;81;92mO[38;2;152;160;169m|[38;2;232;238;244m,[38;2;153;162;173m|    [38;2;64;106;113mJ[38;2;71;126;131mz       [0m
            [38;2;70;79;90mZ[38;2;111;120;130mc[38;2;163;172;181m1[38;2;213;222;231m![38;2;244;253;255m'[38;2;247;255;255m.[38;2;252;255;255m.[38;2;247;255;255m.[38;2;214;223;232ml[38;2;169;178;188m}[38;2;129;138;149mr[38;2;100;109;121mY[38;2;82;91;102mQ[38;2;71;80;92mO  [38;2;75;84;96m0[38;2;91;100;111mJ[38;2;118;127;138mu[38;2;158;167;177m)[38;2;205;213;222m>[38;2;231;240;247m,[38;2;195;203;210m+[38;2;93;101;113mJ              [0m
                [38;2;100;109;120mY[38;2;157;166;175m([38;2;198;207;217m~[38;2;225;234;244m:[38;2;245;254;255m.[38;2;255;255;255m.[38;2;255;255;255m.[38;2;255;255;255m.[38;2;252;255;255m.[38;2;246;255;255m.[38;2;243;252;255m'[38;2;243;252;255m'[38;2;244;253;255m'[38;2;242;251;255m'[38;2;229;238;247m,[38;2;198;207;215m~[38;2;143;152;161m/[38;2;78;87;98m0                [0m
                    [38;2;89;97;108mC[38;2;109;118;129mc[38;2;125;134;145mx[38;2;137;146;157mf[38;2;143;152;164m/[38;2;144;153;164m/[38;2;137;146;157mf[38;2;123;132;143mn[38;2;103;112;123mX[38;2;79;88;99mQ                    [0m
