                                                                                [0m
                                                                                [0m
                                                                                [0m
                                                                                [0m
                                                                                [0m
                                                                                [0m
                                                          [38;2;77;144;148mn[38;2;90;183;183m(                    [0m
                                                        [38;2;70;123;129mX[38;2;92;187;187m)[38;2;107;233;229m~[38;2;108;236;231m<[38;2;98;206;204m[[38;2;76;139;143mu[38;2;60;92;101m0                 [0m
                                                       [38;2;58;87;96mO[38;2;73;131;136mc[38;2;95;197;196m{[38;2;108;234;230m<[38;2;108;235;231m<[38;2;101;213;211m?[38;2;78;147;151mx[38;2;61;97;105mQ                 [0m
                               [38;2;58;87;96mO[38;2;67;114;121mU[38;2;76;140;144mu[38;2;83;161;163mf[38;2;88;177;177m|[38;2;92;189;188m)[38;2;95;198;196m{[38;2;97;204;202m[[38;2;99;207;205m][38;2;99;207;205m][38;2;98;205;203m[[38;2;96;198;197m{[38;2;92;188;188m)[38;2;87;173;174m\[38;2;80;152;155mr[38;2;72;127;133mz[38;2;62;100;108mL          [38;2;80;151;154mr[38;2;93;190;189m1                    [0m
                            [38;2;73;131;136mc[38;2;88;177;178m|[38;2;100;210;208m][38;2;106;228;225m+[38;2;108;236;232m<[38;2;110;242;236m>[38;2;112;247;241m![38;2;113;250;244m![38;2;113;250;244m![38;2;111;245;240mi[38;2;109;238;233m>[38;2;107;231;226m~[38;2;104;224;221m_[38;2;103;220;217m-[38;2;103;220;216m-[38;2;104;222;219m_[38;2;106;228;224m+[38;2;108;235;230m<[38;2;110;241;235m>[38;2;110;242;237m>[38;2;107;233;229m~[38;2;100;211;209m][38;2;86;171;172m/[38;2;69;119;126mX              [38;2;72;127;132mz[38;2;105;227;223m+[38;2;91;184;184m([38;2;59;90;99m0          [0m
                         [38;2;71;126;132mz[38;2;93;190;189m1[38;2;106;229;225m~[38;2;110;241;236m>[38;2;109;237;232m<[38;2;107;232;228m~[38;2;109;237;232m<[38;2;109;239;234m>[38;2;105;227;223m+[38;2;96;201;199m}[38;2;85;167;169mt[38;2;74;135;140mv[38;2;66;109;116mJ[38;2;59;90;99m0        [38;2;61;96;105mQ[38;2;69;118;124mY[38;2;79;149;152mx[38;2;91;186;186m)[38;2;103;220;217m-[38;2;85;165;167mt             [38;2;61;94;102mQ[38;2;92;185;185m)[38;2;77;142;146mn           [0m
                       [38;2;77;143;147mn[38;2;101;215;212m?[38;2;110;241;236m>[38;2;109;237;233m<[38;2;106;228;225m+[38;2;104;224;221m_[38;2;108;236;231m<[38;2;108;235;230m<[38;2;94;194;193m{[38;2;74;135;140mv[38;2;58;86;95mO                                              [0m
                     [38;2;69;120;126mX[38;2;101;214;212m?[38;2;110;242;237m>[38;2;107;232;228m~[38;2;105;226;223m+[38;2;105;226;223m+[38;2;107;231;227m~[38;2;109;239;234m>[38;2;91;184;184m([38;2;62;100;108mL                                                 [0m
                    [38;2;87;174;175m\[38;2;110;241;236m>[38;2;107;233;228m~[38;2;105;225;222m+[38;2;105;227;223m+[38;2;105;227;223m+[38;2;106;228;224m+[38;2;103;220;217m-[38;2;70;122;128mX                     [38;2;78;87;98m0[38;2;90;99;110mJ[38;2;102;111;122mX[38;2;114;123;134mv[38;2;126;135;147mx[38;2;139;148;159mt[38;2;150;159;170m|[38;2;161;170;181m1[38;2;171;180;191m}[38;2;179;188;199m][38;2;188;197;208m_[38;2;197;206;217m~[38;2;203;212;223m>[38;2;208;217;228mi[38;2;211;220;231m![38;2;214;223;234ml[38;2;216;225;236ml[38;2;216;225;236ml[38;2;215;225;236ml[38;2;213;222;233m![38;2;209;218;229mi[38;2;203;212;223m>[38;2;192;201;212m+[38;2;175;184;194m[[38;2;154;163;171m([38;2;111;120;131mc    [0m
                  [38;2;63;101;109mL[38;2;99;208;206m][38;2;109;239;234m>[38;2;106;226;222m+[38;2;107;229;226m~[38;2;109;234;230m<[38;2;111;237;232m<[38;2;111;237;233m<[38;2;116;253;247ml[38;2;74;131;137mc           [38;2;76;85;97m0[38;2;91;100;111mJ[38;2;107;116;128mz[38;2;125;134;145mx[38;2;142;151;163mt[38;2;159;168;179m)[38;2;176;185;196m][38;2;191;200;211m+[38;2;205;214;225m>[38;2;217;226;237ml[38;2;228;237;248m:[38;2;237;246;255m"[38;2;244;253;255m'[38;2;250;255;255m.[38;2;254;255;255m.[38;2;255;255;255m.[38;2;255;255;255m.[38;2;255;255;255m.[38;2;255;255;255m.[38;2;255;255;255m.[38;2;255;255;255m.[38;2;254;255;255m.[38;2;243;252;255m'[38;2;242;251;255m'[38;2;241;250;255m'[38;2;241;250;255m'[38;2;240;249;255m'[38;2;239;248;255m"[38;2;239;248;255m"[38;2;238;247;255m"[38;2;237;246;255m"[38;2;238;247;255m"[38;2;242;251;255m'[38;2;251;255;255m.[38;2;255;255;255m.[38;2;255;255;255m.[38;2;184;193;204m-    [0m
                 [38;2;89;174;175m\[38;2;114;250;244m![38;2;113;247;242m![38;2;107;236;231m<[38;2;104;233;228m~[38;2;98;223;219m_[38;2;92;210;206m][38;2;86;195;193m1[38;2;80;179;178m|[38;2;79;171;172m/[38;2;65;119;124mY  [38;2;77;86;98m0[38;2;94;103;115mU[38;2;114;123;134mv[38;2;134;143;154mj[38;2;154;163;174m([38;2;174;183;194m[[38;2;193;202;213m+[38;2;209;218;229mi[38;2;224;233;244m;[38;2;236;245;255m"[38;2;246;255;255m.[38;2;253;255;255m.[38;2;255;255;255m.[38;2;255;255;255m.[38;2;255;255;255m.[38;2;255;255;255m.[38;2;255;255;255m.[38;2;252;255;255m.[38;2;246;255;255m.[38;2;239;248;255m"[38;2;230;239;250m,[38;2;221;230;241m;[38;2;211;220;231m![38;2;201;210;221m<[38;2;190;199;210m_[38;2;179;188;200m][38;2;169;178;189m}[38;2;159;168;179m)[38;2;149;158;169m\[38;2;139;148;160mt[38;2;180;189;201m?[38;2;234;243;251m\[38;2;231;240;251m,[38;2;231;240;251m,[38;2;231;240;251m,[38;2;231;240;251m,[38;2;233;242;253m\[38;2;237;246;255m"[38;2;242;251;255m'[38;2;247;255;255m.[38;2;246;255;255m.[38;2;234;242;252m\[38;2;203;212;220m>[38;2;152;161;170m|[38;2;87;96;107mC     [0m
               [38;2;64;123;129mX[38;2;84;189;188m)[38;2;85;192;190m1[38;2;75;160;161mj[38;2;74;143;146mn[38;2;77;132;137mv[38;2;83;125;132mc[38;2;95;124;133mc[38;2;110;130;139mu[38;2;129;140;151mr[38;2;149;155;166m\[38;2;168;171;182m1[38;2;190;196;207m_[38;2;209;219;229m![38;2;221;230;241m;[38;2;234;243;254m\[38;2;246;255;255m.[38;2;255;255;255m.[38;2;255;255;255m.[38;2;255;255;255m.[38;2;255;255;255m.[38;2;255;255;255m.[38;2;249;255;255m.[38;2;240;249;255m'[38;2;229;238;249m,[38;2;216;225;236ml[38;2;202;211;221m<[38;2;186;195;206m-[38;2;170;179;189m}[38;2;153;162;173m|[38;2;137;146;157mf[38;2;121;130;141mn[38;2;106;115;126mz[38;2;93;102;113mJ[38;2;80;89;101mQ           [38;2;216;225;236ml[38;2;250;255;255m.[38;2;245;254;255m.[38;2;249;255;255m.[38;2;247;255;255m.[38;2;240;249;255m'[38;2;224;233;243m;[38;2;198;207;216m~[38;2;161;170;180m1[38;2;119;128;138mu[38;2;78;87;98m0        [0m
              [38;2;81;98;108mC[38;2;111;144;152mr[38;2;127;142;152mj[38;2;146;151;162m/[38;2;169;171;183m1[38;2;190;191;203m-[38;2;209;210;222m>[38;2;224;227;238mI[38;2;236;241;252m\[38;2;244;250;255m'[38;2;248;255;255m.[38;2;249;255;255m.[38;2;248;255;255m.[38;2;244;253;255m'[38;2;242;251;255m'[38;2;251;255;255m.[38;2;240;249;255m'[38;2;217;226;236ml[38;2;197;206;217m~[38;2;178;187;198m][38;2;157;166;177m([38;2;137;146;157mf[38;2;117;126;137mu[38;2;99;108;119mY[38;2;82;91;102mQ                      [38;2;170;179;190m}[38;2;199;208;213m<[38;2;171;180;190m}[38;2;147;156;166m\[38;2;118;127;137mu[38;2;88;97;108mC             [0m
         [38;2;103;112;122mX[38;2;140;149;159mt[38;2;172;181;191m}[38;2;198;207;217m~[38;2;219;229;239mI[38;2;233;241;251m\[38;2;241;244;255m"[38;2;247;254;255m.[38;2;249;255;255m.[38;2;248;255;255m.[38;2;245;255;255m.[38;2;241;252;255m'[38;2;238;248;255m"[38;2;235;245;255m\[38;2;233;243;254m\[38;2;232;242;253m\[38;2;232;241;252m,[38;2;231;240;252m,[38;2;237;246;254m"[38;2;231;240;248m,[38;2;151;159;169m|[38;2;86;95;106mC                                                 [0m
     [38;2;92;101;111mJ[38;2;147;156;165m\[38;2;194;203;212m+[38;2;227;236;245m:[38;2;244;253;255m'[38;2;248;255;255m.[38;2;247;255;255m.[38;2;243;252;255m'[38;2;239;248;255m"[38;2;236;245;255m"[38;2;234;244;255m\[38;2;232;242;253m\[38;2;232;241;252m,[38;2;232;241;252m,[38;2;233;242;253m\[38;2;234;243;254m\[38;2;234;243;254m\[38;2;235;244;255m\[38;2;235;244;255m\[38;2;235;244;255m\[38;2;234;243;254m\[38;2;236;245;254m\[38;2;230;239;245m,[38;2;94;103;115mU                                                   [0m
   [38;2;82;91;103mQ[38;2;219;228;234mI[38;2;255;255;255m.[38;2;255;255;255m.[38;2;249;255;255m.[38;2;240;249;255m'[38;2;234;243;254m\[38;2;232;241;252m,[38;2;231;240;251m,[38;2;231;240;251m,[38;2;231;240;251m,[38;2;232;241;252m,[38;2;233;242;253m\[38;2;234;243;254m\[38;2;235;244;255m\[38;2;235;244;255m\[38;2;235;244;255m\[38;2;235;244;255m\[38;2;235;244;255m\[38;2;235;244;255m\[38;2;235;244;255m\[38;2;235;244;255m\[38;2;233;242;253m\[38;2;243;252;255m'[38;2;197;206;218m~                                                    [0m
    [38;2;134;143;152mj[38;2;168;177;186m{[38;2;192;201;211m+[38;2;210;219;230m![38;2;223;232;243m;[38;2;232;241;252m,[38;2;238;247;255m"[38;2;243;252;255m'[38;2;247;255;255m.[38;2;249;255;255m.[38;2;248;255;255m.[38;2;245;254;255m.[38;2;240;249;255m'[38;2;236;245;255m"[38;2;233;242;253m\[38;2;232;241;252m,[38;2;233;242;253m\[38;2;234;243;254m\[38;2;235;244;255m\[38;2;235;244;255m\[38;2;235;244;255m\[38;2;235;244;255m\[38;2;234;243;254m\[38;2;238;246;252m"[38;2;128;137;148mr                            [38;2;128;137;147mr[38;2;131;140;152mj       [38;2;60;94;102mQ[38;2;78;145;149mn            [0m
         [38;2;73;82;93mO[38;2;84;93;104mL[38;2;98;107;118mY[38;2;116;125;136mu[38;2;137;146;157mf[38;2;162;171;181m1[38;2;188;197;207m_[38;2;213;222;233m![38;2;234;243;253m\[38;2;246;255;255m.[38;2;248;255;255m.[38;2;244;253;255m'[38;2;237;246;255m"[38;2;232;241;253m,[38;2;232;241;252m,[38;2;234;243;254m\[38;2;235;244;255m\[38;2;235;244;255m\[38;2;236;245;255m"[38;2;244;253;255m'[38;2;184;193;202m-[38;2;93;102;113mJ                        [38;2;122;131;142mn[38;2;219;228;236mI[38;2;255;255;255m.[38;2;193;202;214m+       [38;2;72;129;135mc[38;2;98;206;204m[[38;2;63;102;110mC           [0m
                 [38;2;75;84;96m0[38;2;109;118;128mc[38;2;151;160;170m|[38;2;194;203;213m+[38;2;229;238;247m,[38;2;247;255;255m.[38;2;247;255;255m.[38;2;239;248;255m"[38;2;233;242;253m\[38;2;232;241;253m,[38;2;234;243;254m\[38;2;233;242;253m\[38;2;245;254;255m.[38;2;242;251;255m'[38;2;196;205;214m~[38;2;132;141;151mj[38;2;79;88;99mQ                  [38;2;92;101;112mJ[38;2;150;159;169m|[38;2;219;228;237mI[38;2;255;255;255m.[38;2;234;243;249m\[38;2;131;140;151mj                      [0m
                      [38;2;113;122;133mv[38;2;169;177;187m{[38;2;217;226;235ml[38;2;245;254;255m.[38;2;247;255;255m.[38;2;239;248;255m"[38;2;233;242;253m\[38;2;230;239;250m,[38;2;231;240;252m,[38;2;242;251;255m'[38;2;248;255;255m.[38;2;236;245;254m\[38;2;207;216;226mi[38;2;170;179;189m}[38;2;135;144;155mf[38;2;107;116;127mz[38;2;86;95;106mC       [38;2;73;82;93mO[38;2;88;97;109mC[38;2;111;120;131mc[38;2;141;150;160mt[38;2;178;187;197m][38;2;218;227;237mI[38;2;251;255;255m.[38;2;255;255;255m.[38;2;230;239;246m,[38;2;153;162;171m|                        [0m
                         [38;2;105;114;124mz[38;2;172;181;190m}[38;2;221;230;238mI[38;2;244;253;255m'[38;2;249;255;255m.[38;2;245;254;255m.[38;2;238;247;255m"[38;2;233;242;253m\[38;2;233;242;254m\[38;2;239;248;255m"[38;2;244;253;255m'[38;2;246;255;255m.[38;2;243;252;255m'[38;2;236;245;255m"[38;2;228;237;248m:[38;2;220;229;240mI[38;2;214;223;235ml[38;2;211;220;231m![38;2;211;220;231m![38;2;215;224;235ml[38;2;222;231;242m;[38;2;232;241;252m,[38;2;243;252;255m'[38;2;255;255;255m.[38;2;255;255;255m.[38;2;255;255;255m.[38;2;235;244;253m\[38;2;189;198;207m_[38;2;124;133;142mx                          [0m
                            [38;2;101;109;120mY[38;2;147;156;165m\[38;2;187;196;205m-[38;2;216;225;234ml[38;2;234;243;253m\[38;2;243;252;255m'[38;2;246;255;255m.[38;2;246;255;255m.[38;2;245;254;255m.[38;2;246;255;255m.[38;2;247;255;255m.[38;2;248;255;255m.[38;2;250;255;255m.[38;2;252;255;255m.[38;2;253;255;255m.[38;2;254;255;255m.[38;2;252;255;255m.[38;2;248;255;255m.[38;2;239;248;255m"[38;2;222;231;240m;[38;2;195;204;213m~[38;2;157;166;176m([38;2;113;122;132mv                             [0m
                                [38;2;76;85;96m0[38;2;98;107;118mY[38;2;119;128;139mu[38;2;138;147;158mf[38;2;152;161;172m|[38;2;162;171;182m1[38;2;168;177;189m{[38;2;170;179;191m}[38;2;169;178;189m}[38;2;164;173;184m1[38;2;155;164;175m([38;2;142;151;162mt[38;2;125;134;145mx[38;2;105;114;125mz[38;2;82;91;102mQ                                 [0m
                                                                                [0m
                                                                                [0m
                                                                                [0m
                                                                                [0m
                                                                                [0m
                                                                                [0m
                                                                                [0m
